P_prefix,amount,day,payee,payer,step
1633,1633,1,H3,H2,1
